750	1
749	1
748	1
747	1
746	1
745	1
744	1
743	1
742	1
741	1
740	1
739	1
738	1
737	1
736	1
735	1
734	1
733	1
732	1
731	1
730	1
729	1
728	1
727	1
726	1
725	1
724	1
723	1
722	1
721	1
720	1
719	1
718	1
717	1
716	1
715	1
714	1
713	1
712	1
711	1
710	1
709	1
708	1
707	1
706	1
705	1
704	1
703	1
702	1
701	1
700	1
699	1
698	1
697	1
696	1
695	1
694	1
693	1
692	1
691	1
690	1
689	1
688	1
687	1
686	1
685	1
684	1
683	1
682	1
681	1
680	1
679	1
678	1
677	1
676	1
675	1
674	1
673	1
672	1
671	1
670	1
669	1
668	1
667	1
666	1
665	1
664	1
663	1
662	1
661	1
660	1
659	1
658	1
657	1
656	15
655	227
654	439
653	651
652	862
651	1074
650	1286
649	1498
648	1709
647	1921
646	2133
645	2345
644	2556
643	2768
642	2980
641	3192
640	3403
639	3615
638	3827
637	4039
636	4250
635	4462
634	4674
633	4886
632	5097
631	5309
630	5521
629	5733
628	5944
627	6156
626	6368
625	6580
624	6791
623	7003
622	7215
621	7427
620	7638
619	7850
618	8062
617	8274
616	8485
615	8697
614	8909
613	9121
612	9332
611	9544
610	9756
609	9968
608	10179
607	10391
606	10603
605	10815
604	11026
603	11238
602	11450
601	11662
600	11873
599	12085
598	12297
597	12509
596	12720
595	12932
594	13144
593	13356
592	13567
591	13779
590	13991
589	14203
588	14414
587	14626
586	14838
585	15050
584	15261
583	15473
582	15685
581	15897
580	16108
579	16320
578	16532
577	16744
576	16955
575	17167
574	17379
573	17591
572	17802
571	18014
570	18226
569	18438
568	18649
567	18861
566	19073
565	19285
564	19496
563	19708
562	19920
561	20131
560	20343
559	20555
558	20767
557	20978
556	21190
555	21402
554	21614
553	21825
552	22037
551	22249
550	22461
549	22672
548	22884
547	23096
546	23308
545	23519
544	23731
543	23943
542	24155
541	24366
540	24578
539	24790
538	25002
537	25213
536	25425
535	25637
534	25849
533	26060
532	26272
531	26484
530	26696
529	26907
528	27119
527	27331
526	27543
525	27754
524	27966
523	28178
522	28390
521	28601
520	28813
519	29025
518	29237
517	29448
516	29660
515	29872
514	30084
513	30295
512	30507
511	30719
510	30931
509	31142
508	31354
507	31566
506	31778
505	31989
504	32201
503	32413
502	32625
501	32836
500	33048
499	33260
498	33472
497	33683
496	33895
495	34107
494	34319
493	34530
492	34742
491	34954
490	35166
489	35377
488	35589
487	35801
486	36013
485	36224
484	36436
483	36648
482	36860
481	37071
480	37283
479	37495
478	37707
477	37918
476	38130
475	38342
474	38554
473	38765
472	38977
471	39189
470	39401
469	39612
468	39824
467	40036
466	40248
465	40459
464	40671
463	40883
462	41095
461	41306
460	41518
459	41730
458	41942
457	42153
456	42365
455	42577
454	42789
453	43000
452	43212
451	43424
450	43636
449	43847
448	44059
447	44271
446	44483
445	44694
444	44906
443	45118
442	45330
441	45541
440	45753
439	45965
438	46177
437	46388
436	46600
435	46812
434	47024
433	47235
432	47447
431	47659
430	47871
429	48082
428	48294
427	48506
426	48717
425	48929
424	49141
423	49353
422	49564
421	49776
420	49988
419	50200
418	50411
417	50623
416	50835
415	51047
414	51258
413	51470
412	51682
411	51894
410	52105
409	52317
408	52529
407	52741
406	52952
405	53164
404	53376
403	53588
402	53799
401	54011
400	54223
399	54435
398	54646
397	54858
396	55070
395	55282
394	55493
393	55705
392	55917
391	56129
390	56340
389	56552
388	56764
387	56976
386	57187
385	57399
384	57611
383	57823
382	58034
381	58246
380	58458
379	58670
378	58881
377	59093
376	59305
375	59517
374	59728
373	59940
372	60152
371	60364
370	60575
369	60787
368	60999
367	61211
366	61422
365	61634
364	61846
363	62058
362	62269
361	62481
360	62693
359	62905
358	63116
357	63328
356	63540
355	63752
354	63963
353	64175
352	64387
351	64599
350	64810
349	65022
348	65234
347	65446
346	65657
345	65869
344	66081
343	66293
342	66504
341	66716
340	66928
339	67140
338	67351
337	67563
336	67775
335	67987
334	68198
333	68410
332	68622
331	68834
330	69045
329	69257
328	69469
327	69681
326	69892
325	70104
324	70316
323	70528
322	70739
321	70951
320	71163
319	71375
318	71586
317	71798
316	72010
315	72222
314	72433
313	72645
312	72857
311	73069
310	73280
309	73492
308	73704
307	73916
306	74127
305	74339
304	74551
303	74763
302	74974
301	75186
300	75398
299	75610
298	75821
297	76033
296	76245
295	76457
294	76668
293	76880
292	77092
291	77303
290	77515
289	77727
288	77939
287	78150
286	78362
285	78574
284	78786
283	78997
282	79209
281	79421
280	79633
279	79844
278	80056
277	80268
276	80480
275	80691
274	80903
273	81115
272	81327
271	81538
270	81750
269	81962
268	82174
267	82385
266	82597
265	82809
264	83021
263	83232
262	83444
261	83656
260	83868
259	84079
258	84291
257	84503
256	84715
255	84926
254	85138
253	85350
252	85562
251	85773
250	85985
249	86197
248	86409
247	86620
246	86832
245	87044
244	87256
243	87467
242	87679
241	87891
240	88103
239	88314
238	88526
237	88738
236	88950
235	89161
234	89373
233	89585
232	89797
231	90008
230	90220
229	90432
228	90644
227	90855
226	91067
225	91279
224	91491
223	91702
222	91914
221	92126
220	92338
219	92549
218	92761
217	92973
216	93185
215	93396
214	93608
213	93820
212	94032
211	94243
210	94455
209	94667
208	94879
207	95090
206	95302
205	95514
204	95726
203	95937
202	96149
201	96361
200	96573
199	96784
198	96996
197	97208
196	97420
195	97631
194	97843
193	98055
192	98267
191	98478
190	98690
189	98902
188	99114
187	99325
186	99537
185	99749
184	99961
183	100172
182	100384
181	100596
180	100808
179	101019
178	101231
177	101443
176	101655
175	101866
174	102078
173	102290
172	102502
171	102713
170	102925
169	103137
168	103349
167	103560
166	103772
165	103984
164	104196
163	104407
162	104619
161	104831
160	105043
159	105254
158	105466
157	105678
156	105889
155	106101
154	106313
153	106525
152	106736
151	106948
150	107160
149	107372
148	107583
147	107795
146	108007
145	108219
144	108430
143	108642
142	108854
141	109066
140	109277
139	109489
138	109701
137	109913
136	110124
135	110336
134	110548
133	110760
132	110971
131	111183
130	111395
129	111607
128	111818
127	112030
126	112242
125	112454
124	112665
123	112877
122	113089
121	113301
120	113512
119	113724
118	113936
117	114148
116	114359
115	114571
114	114783
113	114995
112	115206
111	115418
110	115630
109	115842
108	116053
107	116265
106	116477
105	116689
104	116900
103	117112
102	117324
101	117536
100	117747
99	117959
98	118171
97	118383
96	118594
95	118806
94	119018
93	119230
92	119441
91	119653
90	119865
89	120077
88	120288
87	120500
86	120712
85	120924
84	121135
83	121347
82	121559
81	121771
80	121982
79	122194
78	122406
77	122618
76	122829
75	123041
74	123253
73	123465
72	123676
71	123888
70	124100
69	124312
68	124523
67	124735
66	124947
65	125159
64	125370
63	125582
62	125794
61	126006
60	126217
59	126429
58	126641
57	126853
56	127064
55	127276
54	127488
53	127700
52	127911
51	128123
50	128335
49	128547
48	128758
47	128970
46	129182
45	129394
44	129605
43	129817
42	130029
41	130241
40	130452
39	130664
38	130876
37	131088
36	131299
35	131511
34	131723
33	131935
32	132146
31	132358
30	132570
29	132782
28	132993
27	133205
26	133417
25	133629
24	133840
23	134052
22	134264
21	134475
20	134687
19	134899
18	135111
17	135322
16	135534
15	135746
14	135958
13	136169
12	136381
11	136593
10	136805
9	137016
8	137228
7	137440
6	137652
5	137863
4	138075
3	138287
2	138499
1	138710
0	138922
